for_own.jpg 4169
1 1 19 19
1 21 19 19
1 41 19 19
1 61 19 19
1 81 19 19
1 101 19 19
1 121 19 19
1 141 19 19
1 161 19 19
1 181 19 19
1 201 19 19
1 221 19 19
1 241 19 19
1 261 19 19
1 281 19 19
1 301 19 19
1 321 19 19
1 341 19 19
1 361 19 19
1 381 19 19
1 401 19 19
1 421 19 19
1 441 19 19
1 461 19 19
1 481 19 19
1 501 19 19
1 521 19 19
1 541 19 19
1 561 19 19
1 581 19 19
1 601 19 19
1 621 19 19
1 641 19 19
1 661 19 19
1 681 19 19
1 701 19 19
1 721 19 19
1 741 19 19
1 761 19 19
1 781 19 19
1 801 19 19
1 821 19 19
1 841 19 19
1 861 19 19
1 881 19 19
1 901 19 19
1 921 19 19
1 941 19 19
1 961 19 19
1 981 19 19
1 1001 19 19
1 1021 19 19
1 1041 19 19
1 1061 19 19
1 1081 19 19
21 1 19 19
21 21 19 19
21 41 19 19
21 61 19 19
21 81 19 19
21 101 19 19
21 121 19 19
21 141 19 19
21 161 19 19
21 181 19 19
21 201 19 19
21 221 19 19
21 241 19 19
21 261 19 19
21 281 19 19
21 301 19 19
21 321 19 19
21 341 19 19
21 361 19 19
21 381 19 19
21 401 19 19
21 421 19 19
21 441 19 19
21 461 19 19
21 481 19 19
21 501 19 19
21 521 19 19
21 541 19 19
21 561 19 19
21 581 19 19
21 601 19 19
21 621 19 19
21 641 19 19
21 661 19 19
21 681 19 19
21 701 19 19
21 721 19 19
21 741 19 19
21 761 19 19
21 781 19 19
21 801 19 19
21 821 19 19
21 841 19 19
21 861 19 19
21 881 19 19
21 901 19 19
21 921 19 19
21 941 19 19
21 961 19 19
21 981 19 19
21 1001 19 19
21 1021 19 19
21 1041 19 19
21 1061 19 19
21 1081 19 19
41 1 19 19
41 21 19 19
41 41 19 19
41 61 19 19
41 81 19 19
41 101 19 19
41 121 19 19
41 141 19 19
41 161 19 19
41 181 19 19
41 201 19 19
41 221 19 19
41 241 19 19
41 261 19 19
41 281 19 19
41 301 19 19
41 321 19 19
41 341 19 19
41 361 19 19
41 381 19 19
41 401 19 19
41 421 19 19
41 441 19 19
41 461 19 19
41 481 19 19
41 501 19 19
41 521 19 19
41 541 19 19
41 561 19 19
41 581 19 19
41 601 19 19
41 621 19 19
41 641 19 19
41 661 19 19
41 681 19 19
41 701 19 19
41 721 19 19
41 741 19 19
41 761 19 19
41 781 19 19
41 801 19 19
41 821 19 19
41 841 19 19
41 861 19 19
41 881 19 19
41 901 19 19
41 921 19 19
41 941 19 19
41 961 19 19
41 981 19 19
41 1001 19 19
41 1021 19 19
41 1041 19 19
41 1061 19 19
41 1081 19 19
61 1 19 19
61 21 19 19
61 41 19 19
61 61 19 19
61 81 19 19
61 101 19 19
61 121 19 19
61 141 19 19
61 161 19 19
61 181 19 19
61 201 19 19
61 221 19 19
61 241 19 19
61 261 19 19
61 281 19 19
61 301 19 19
61 321 19 19
61 341 19 19
61 361 19 19
61 381 19 19
61 401 19 19
61 421 19 19
61 441 19 19
61 461 19 19
61 481 19 19
61 501 19 19
61 521 19 19
61 541 19 19
61 561 19 19
61 581 19 19
61 601 19 19
61 621 19 19
61 641 19 19
61 661 19 19
61 681 19 19
61 701 19 19
61 721 19 19
61 741 19 19
61 761 19 19
61 781 19 19
61 801 19 19
61 821 19 19
61 841 19 19
61 861 19 19
61 881 19 19
61 901 19 19
61 921 19 19
61 941 19 19
61 961 19 19
61 981 19 19
61 1001 19 19
61 1021 19 19
61 1041 19 19
61 1061 19 19
61 1081 19 19
81 1 19 19
81 21 19 19
81 41 19 19
81 61 19 19
81 81 19 19
81 101 19 19
81 121 19 19
81 141 19 19
81 161 19 19
81 181 19 19
81 201 19 19
81 221 19 19
81 241 19 19
81 261 19 19
81 281 19 19
81 301 19 19
81 321 19 19
81 341 19 19
81 361 19 19
81 381 19 19
81 401 19 19
81 421 19 19
81 441 19 19
81 461 19 19
81 481 19 19
81 501 19 19
81 521 19 19
81 541 19 19
81 561 19 19
81 581 19 19
81 601 19 19
81 621 19 19
81 641 19 19
81 661 19 19
81 681 19 19
81 701 19 19
81 721 19 19
81 741 19 19
81 761 19 19
81 781 19 19
81 801 19 19
81 821 19 19
81 841 19 19
81 861 19 19
81 881 19 19
81 901 19 19
81 921 19 19
81 941 19 19
81 961 19 19
81 981 19 19
81 1001 19 19
81 1021 19 19
81 1041 19 19
81 1061 19 19
81 1081 19 19
101 1 19 19
101 21 19 19
101 41 19 19
101 61 19 19
101 81 19 19
101 101 19 19
101 121 19 19
101 141 19 19
101 161 19 19
101 181 19 19
101 201 19 19
101 221 19 19
101 241 19 19
101 261 19 19
101 281 19 19
101 301 19 19
101 321 19 19
101 341 19 19
101 361 19 19
101 381 19 19
101 401 19 19
101 421 19 19
101 441 19 19
101 461 19 19
101 481 19 19
101 501 19 19
101 521 19 19
101 541 19 19
101 561 19 19
101 581 19 19
101 601 19 19
101 621 19 19
101 641 19 19
101 661 19 19
101 681 19 19
101 701 19 19
101 721 19 19
101 741 19 19
101 761 19 19
101 781 19 19
101 801 19 19
101 821 19 19
101 841 19 19
101 861 19 19
101 881 19 19
101 901 19 19
101 921 19 19
101 941 19 19
101 961 19 19
101 981 19 19
101 1001 19 19
101 1021 19 19
101 1041 19 19
101 1061 19 19
101 1081 19 19
121 1 19 19
121 21 19 19
121 41 19 19
121 61 19 19
121 81 19 19
121 101 19 19
121 121 19 19
121 141 19 19
121 161 19 19
121 181 19 19
121 201 19 19
121 221 19 19
121 241 19 19
121 261 19 19
121 281 19 19
121 301 19 19
121 321 19 19
121 341 19 19
121 361 19 19
121 381 19 19
121 401 19 19
121 421 19 19
121 441 19 19
121 461 19 19
121 481 19 19
121 501 19 19
121 521 19 19
121 541 19 19
121 561 19 19
121 581 19 19
121 601 19 19
121 621 19 19
121 641 19 19
121 661 19 19
121 681 19 19
121 701 19 19
121 721 19 19
121 741 19 19
121 761 19 19
121 781 19 19
121 801 19 19
121 821 19 19
121 841 19 19
121 861 19 19
121 881 19 19
121 901 19 19
121 921 19 19
121 941 19 19
121 961 19 19
121 981 19 19
121 1001 19 19
121 1021 19 19
121 1041 19 19
121 1061 19 19
121 1081 19 19
141 1 19 19
141 21 19 19
141 41 19 19
141 61 19 19
141 81 19 19
141 101 19 19
141 121 19 19
141 141 19 19
141 161 19 19
141 181 19 19
141 201 19 19
141 221 19 19
141 241 19 19
141 261 19 19
141 281 19 19
141 301 19 19
141 321 19 19
141 341 19 19
141 361 19 19
141 381 19 19
141 401 19 19
141 421 19 19
141 441 19 19
141 461 19 19
141 481 19 19
141 501 19 19
141 521 19 19
141 541 19 19
141 561 19 19
141 581 19 19
141 601 19 19
141 621 19 19
141 641 19 19
141 661 19 19
141 681 19 19
141 701 19 19
141 721 19 19
141 741 19 19
141 761 19 19
141 781 19 19
141 801 19 19
141 821 19 19
141 841 19 19
141 861 19 19
141 881 19 19
141 901 19 19
141 921 19 19
141 941 19 19
141 961 19 19
141 981 19 19
141 1001 19 19
141 1021 19 19
141 1041 19 19
141 1061 19 19
141 1081 19 19
161 1 19 19
161 21 19 19
161 41 19 19
161 61 19 19
161 81 19 19
161 101 19 19
161 121 19 19
161 141 19 19
161 161 19 19
161 181 19 19
161 201 19 19
161 221 19 19
161 241 19 19
161 261 19 19
161 281 19 19
161 301 19 19
161 321 19 19
161 341 19 19
161 361 19 19
161 381 19 19
161 401 19 19
161 421 19 19
161 441 19 19
161 461 19 19
161 481 19 19
161 501 19 19
161 521 19 19
161 541 19 19
161 561 19 19
161 581 19 19
161 601 19 19
161 621 19 19
161 641 19 19
161 661 19 19
161 681 19 19
161 701 19 19
161 721 19 19
161 741 19 19
161 761 19 19
161 781 19 19
161 801 19 19
161 821 19 19
161 841 19 19
161 861 19 19
161 881 19 19
161 901 19 19
161 921 19 19
161 941 19 19
161 961 19 19
161 981 19 19
161 1001 19 19
161 1021 19 19
161 1041 19 19
161 1061 19 19
161 1081 19 19
181 1 19 19
181 21 19 19
181 41 19 19
181 61 19 19
181 81 19 19
181 101 19 19
181 121 19 19
181 141 19 19
181 161 19 19
181 181 19 19
181 201 19 19
181 221 19 19
181 241 19 19
181 261 19 19
181 281 19 19
181 301 19 19
181 321 19 19
181 341 19 19
181 361 19 19
181 381 19 19
181 401 19 19
181 421 19 19
181 441 19 19
181 461 19 19
181 481 19 19
181 501 19 19
181 521 19 19
181 541 19 19
181 561 19 19
181 581 19 19
181 601 19 19
181 621 19 19
181 641 19 19
181 661 19 19
181 681 19 19
181 701 19 19
181 721 19 19
181 741 19 19
181 761 19 19
181 781 19 19
181 801 19 19
181 821 19 19
181 841 19 19
181 861 19 19
181 881 19 19
181 901 19 19
181 921 19 19
181 941 19 19
181 961 19 19
181 981 19 19
181 1001 19 19
181 1021 19 19
181 1041 19 19
181 1061 19 19
181 1081 19 19
201 1 19 19
201 21 19 19
201 41 19 19
201 61 19 19
201 81 19 19
201 101 19 19
201 121 19 19
201 141 19 19
201 161 19 19
201 181 19 19
201 201 19 19
201 221 19 19
201 241 19 19
201 261 19 19
201 281 19 19
201 301 19 19
201 321 19 19
201 341 19 19
201 361 19 19
201 381 19 19
201 401 19 19
201 421 19 19
201 441 19 19
201 461 19 19
201 481 19 19
201 501 19 19
201 521 19 19
201 541 19 19
201 561 19 19
201 581 19 19
201 601 19 19
201 621 19 19
201 641 19 19
201 661 19 19
201 681 19 19
201 701 19 19
201 721 19 19
201 741 19 19
201 761 19 19
201 781 19 19
201 801 19 19
201 821 19 19
201 841 19 19
201 861 19 19
201 881 19 19
201 901 19 19
201 921 19 19
201 941 19 19
201 961 19 19
201 981 19 19
201 1001 19 19
201 1021 19 19
201 1041 19 19
201 1061 19 19
201 1081 19 19
221 1 19 19
221 21 19 19
221 41 19 19
221 61 19 19
221 81 19 19
221 101 19 19
221 121 19 19
221 141 19 19
221 161 19 19
221 181 19 19
221 201 19 19
221 221 19 19
221 241 19 19
221 261 19 19
221 281 19 19
221 301 19 19
221 321 19 19
221 341 19 19
221 361 19 19
221 381 19 19
221 401 19 19
221 421 19 19
221 441 19 19
221 461 19 19
221 481 19 19
221 501 19 19
221 521 19 19
221 541 19 19
221 561 19 19
221 581 19 19
221 601 19 19
221 621 19 19
221 641 19 19
221 661 19 19
221 681 19 19
221 701 19 19
221 721 19 19
221 741 19 19
221 761 19 19
221 781 19 19
221 801 19 19
221 821 19 19
221 841 19 19
221 861 19 19
221 881 19 19
221 901 19 19
221 921 19 19
221 941 19 19
221 961 19 19
221 981 19 19
221 1001 19 19
221 1021 19 19
221 1041 19 19
221 1061 19 19
221 1081 19 19
241 1 19 19
241 21 19 19
241 41 19 19
241 61 19 19
241 81 19 19
241 101 19 19
241 121 19 19
241 141 19 19
241 161 19 19
241 181 19 19
241 201 19 19
241 221 19 19
241 241 19 19
241 261 19 19
241 281 19 19
241 301 19 19
241 321 19 19
241 341 19 19
241 361 19 19
241 381 19 19
241 401 19 19
241 421 19 19
241 441 19 19
241 461 19 19
241 481 19 19
241 501 19 19
241 521 19 19
241 541 19 19
241 561 19 19
241 581 19 19
241 601 19 19
241 621 19 19
241 641 19 19
241 661 19 19
241 681 19 19
241 701 19 19
241 721 19 19
241 741 19 19
241 761 19 19
241 781 19 19
241 801 19 19
241 821 19 19
241 841 19 19
241 861 19 19
241 881 19 19
241 901 19 19
241 921 19 19
241 941 19 19
241 961 19 19
241 981 19 19
241 1001 19 19
241 1021 19 19
241 1041 19 19
241 1061 19 19
241 1081 19 19
261 1 19 19
261 21 19 19
261 41 19 19
261 61 19 19
261 81 19 19
261 101 19 19
261 121 19 19
261 141 19 19
261 161 19 19
261 181 19 19
261 201 19 19
261 221 19 19
261 241 19 19
261 261 19 19
261 281 19 19
261 301 19 19
261 321 19 19
261 341 19 19
261 361 19 19
261 381 19 19
261 401 19 19
261 421 19 19
261 441 19 19
261 461 19 19
261 481 19 19
261 501 19 19
261 521 19 19
261 541 19 19
261 561 19 19
261 581 19 19
261 601 19 19
261 621 19 19
261 641 19 19
261 661 19 19
261 681 19 19
261 701 19 19
261 721 19 19
261 741 19 19
261 761 19 19
261 781 19 19
261 801 19 19
261 821 19 19
261 841 19 19
261 861 19 19
261 881 19 19
261 901 19 19
261 921 19 19
261 941 19 19
261 961 19 19
261 981 19 19
261 1001 19 19
261 1021 19 19
261 1041 19 19
261 1061 19 19
261 1081 19 19
281 1 19 19
281 21 19 19
281 41 19 19
281 61 19 19
281 81 19 19
281 101 19 19
281 121 19 19
281 141 19 19
281 161 19 19
281 181 19 19
281 201 19 19
281 221 19 19
281 241 19 19
281 261 19 19
281 281 19 19
281 301 19 19
281 321 19 19
281 341 19 19
281 361 19 19
281 381 19 19
281 401 19 19
281 421 19 19
281 441 19 19
281 461 19 19
281 481 19 19
281 501 19 19
281 521 19 19
281 541 19 19
281 561 19 19
281 581 19 19
281 601 19 19
281 621 19 19
281 641 19 19
281 661 19 19
281 681 19 19
281 701 19 19
281 721 19 19
281 741 19 19
281 761 19 19
281 781 19 19
281 801 19 19
281 821 19 19
281 841 19 19
281 861 19 19
281 881 19 19
281 901 19 19
281 921 19 19
281 941 19 19
281 961 19 19
281 981 19 19
281 1001 19 19
281 1021 19 19
281 1041 19 19
281 1061 19 19
281 1081 19 19
301 1 19 19
301 21 19 19
301 41 19 19
301 61 19 19
301 81 19 19
301 101 19 19
301 121 19 19
301 141 19 19
301 161 19 19
301 181 19 19
301 201 19 19
301 221 19 19
301 241 19 19
301 261 19 19
301 281 19 19
301 301 19 19
301 321 19 19
301 341 19 19
301 361 19 19
301 381 19 19
301 401 19 19
301 421 19 19
301 441 19 19
301 461 19 19
301 481 19 19
301 501 19 19
301 521 19 19
301 541 19 19
301 561 19 19
301 581 19 19
301 601 19 19
301 621 19 19
301 641 19 19
301 661 19 19
301 681 19 19
301 701 19 19
301 721 19 19
301 741 19 19
301 761 19 19
301 781 19 19
301 801 19 19
301 821 19 19
301 841 19 19
301 861 19 19
301 881 19 19
301 901 19 19
301 921 19 19
301 941 19 19
301 961 19 19
301 981 19 19
301 1001 19 19
301 1021 19 19
301 1041 19 19
301 1061 19 19
301 1081 19 19
321 1 19 19
321 21 19 19
321 41 19 19
321 61 19 19
321 81 19 19
321 101 19 19
321 121 19 19
321 141 19 19
321 161 19 19
321 181 19 19
321 201 19 19
321 221 19 19
321 241 19 19
321 261 19 19
321 281 19 19
321 301 19 19
321 321 19 19
321 341 19 19
321 361 19 19
321 381 19 19
321 401 19 19
321 421 19 19
321 441 19 19
321 461 19 19
321 481 19 19
321 501 19 19
321 521 19 19
321 541 19 19
321 561 19 19
321 581 19 19
321 601 19 19
321 621 19 19
321 641 19 19
321 661 19 19
321 681 19 19
321 701 19 19
321 721 19 19
321 741 19 19
321 761 19 19
321 781 19 19
321 801 19 19
321 821 19 19
321 841 19 19
321 861 19 19
321 881 19 19
321 901 19 19
321 921 19 19
321 941 19 19
321 961 19 19
321 981 19 19
321 1001 19 19
321 1021 19 19
321 1041 19 19
321 1061 19 19
321 1081 19 19
341 1 19 19
341 21 19 19
341 41 19 19
341 61 19 19
341 81 19 19
341 101 19 19
341 121 19 19
341 141 19 19
341 161 19 19
341 181 19 19
341 201 19 19
341 221 19 19
341 241 19 19
341 261 19 19
341 281 19 19
341 301 19 19
341 321 19 19
341 341 19 19
341 361 19 19
341 381 19 19
341 401 19 19
341 421 19 19
341 441 19 19
341 461 19 19
341 481 19 19
341 501 19 19
341 521 19 19
341 541 19 19
341 561 19 19
341 581 19 19
341 601 19 19
341 621 19 19
341 641 19 19
341 661 19 19
341 681 19 19
341 701 19 19
341 721 19 19
341 741 19 19
341 761 19 19
341 781 19 19
341 801 19 19
341 821 19 19
341 841 19 19
341 861 19 19
341 881 19 19
341 901 19 19
341 921 19 19
341 941 19 19
341 961 19 19
341 981 19 19
341 1001 19 19
341 1021 19 19
341 1041 19 19
341 1061 19 19
341 1081 19 19
361 1 19 19
361 21 19 19
361 41 19 19
361 61 19 19
361 81 19 19
361 101 19 19
361 121 19 19
361 141 19 19
361 161 19 19
361 181 19 19
361 201 19 19
361 221 19 19
361 241 19 19
361 261 19 19
361 281 19 19
361 301 19 19
361 321 19 19
361 341 19 19
361 361 19 19
361 381 19 19
361 401 19 19
361 421 19 19
361 441 19 19
361 461 19 19
361 481 19 19
361 501 19 19
361 521 19 19
361 541 19 19
361 561 19 19
361 581 19 19
361 601 19 19
361 621 19 19
361 641 19 19
361 661 19 19
361 681 19 19
361 701 19 19
361 721 19 19
361 741 19 19
361 761 19 19
361 781 19 19
361 801 19 19
361 821 19 19
361 841 19 19
361 861 19 19
361 881 19 19
361 901 19 19
361 921 19 19
361 941 19 19
361 961 19 19
361 981 19 19
361 1001 19 19
361 1021 19 19
361 1041 19 19
361 1061 19 19
361 1081 19 19
381 1 19 19
381 21 19 19
381 41 19 19
381 61 19 19
381 81 19 19
381 101 19 19
381 121 19 19
381 141 19 19
381 161 19 19
381 181 19 19
381 201 19 19
381 221 19 19
381 241 19 19
381 261 19 19
381 281 19 19
381 301 19 19
381 321 19 19
381 341 19 19
381 361 19 19
381 381 19 19
381 401 19 19
381 421 19 19
381 441 19 19
381 461 19 19
381 481 19 19
381 501 19 19
381 521 19 19
381 541 19 19
381 561 19 19
381 581 19 19
381 601 19 19
381 621 19 19
381 641 19 19
381 661 19 19
381 681 19 19
381 701 19 19
381 721 19 19
381 741 19 19
381 761 19 19
381 781 19 19
381 801 19 19
381 821 19 19
381 841 19 19
381 861 19 19
381 881 19 19
381 901 19 19
381 921 19 19
381 941 19 19
381 961 19 19
381 981 19 19
381 1001 19 19
381 1021 19 19
381 1041 19 19
381 1061 19 19
381 1081 19 19
401 1 19 19
401 21 19 19
401 41 19 19
401 61 19 19
401 81 19 19
401 101 19 19
401 121 19 19
401 141 19 19
401 161 19 19
401 181 19 19
401 201 19 19
401 221 19 19
401 241 19 19
401 261 19 19
401 281 19 19
401 301 19 19
401 321 19 19
401 341 19 19
401 361 19 19
401 381 19 19
401 401 19 19
401 421 19 19
401 441 19 19
401 461 19 19
401 481 19 19
401 501 19 19
401 521 19 19
401 541 19 19
401 561 19 19
401 581 19 19
401 601 19 19
401 621 19 19
401 641 19 19
401 661 19 19
401 681 19 19
401 701 19 19
401 721 19 19
401 741 19 19
401 761 19 19
401 781 19 19
401 801 19 19
401 821 19 19
401 841 19 19
401 861 19 19
401 881 19 19
401 901 19 19
401 921 19 19
401 941 19 19
401 961 19 19
401 981 19 19
401 1001 19 19
401 1021 19 19
401 1041 19 19
401 1061 19 19
401 1081 19 19
421 1 19 19
421 21 19 19
421 41 19 19
421 61 19 19
421 81 19 19
421 101 19 19
421 121 19 19
421 141 19 19
421 161 19 19
421 181 19 19
421 201 19 19
421 221 19 19
421 241 19 19
421 261 19 19
421 281 19 19
421 301 19 19
421 321 19 19
421 341 19 19
421 361 19 19
421 381 19 19
421 401 19 19
421 421 19 19
421 441 19 19
421 461 19 19
421 481 19 19
421 501 19 19
421 521 19 19
421 541 19 19
421 561 19 19
421 581 19 19
421 601 19 19
421 621 19 19
421 641 19 19
421 661 19 19
421 681 19 19
421 701 19 19
421 721 19 19
421 741 19 19
421 761 19 19
421 781 19 19
421 801 19 19
421 821 19 19
421 841 19 19
421 861 19 19
421 881 19 19
421 901 19 19
421 921 19 19
421 941 19 19
421 961 19 19
421 981 19 19
421 1001 19 19
421 1021 19 19
421 1041 19 19
421 1061 19 19
421 1081 19 19
441 1 19 19
441 21 19 19
441 41 19 19
441 61 19 19
441 81 19 19
441 101 19 19
441 121 19 19
441 141 19 19
441 161 19 19
441 181 19 19
441 201 19 19
441 221 19 19
441 241 19 19
441 261 19 19
441 281 19 19
441 301 19 19
441 321 19 19
441 341 19 19
441 361 19 19
441 381 19 19
441 401 19 19
441 421 19 19
441 441 19 19
441 461 19 19
441 481 19 19
441 501 19 19
441 521 19 19
441 541 19 19
441 561 19 19
441 581 19 19
441 601 19 19
441 621 19 19
441 641 19 19
441 661 19 19
441 681 19 19
441 701 19 19
441 721 19 19
441 741 19 19
441 761 19 19
441 781 19 19
441 801 19 19
441 821 19 19
441 841 19 19
441 861 19 19
441 881 19 19
441 901 19 19
441 921 19 19
441 941 19 19
441 961 19 19
441 981 19 19
441 1001 19 19
441 1021 19 19
441 1041 19 19
441 1061 19 19
441 1081 19 19
461 1 19 19
461 21 19 19
461 41 19 19
461 61 19 19
461 81 19 19
461 101 19 19
461 121 19 19
461 141 19 19
461 161 19 19
461 181 19 19
461 201 19 19
461 221 19 19
461 241 19 19
461 261 19 19
461 281 19 19
461 301 19 19
461 321 19 19
461 341 19 19
461 361 19 19
461 381 19 19
461 401 19 19
461 421 19 19
461 441 19 19
461 461 19 19
461 481 19 19
461 501 19 19
461 521 19 19
461 541 19 19
461 561 19 19
461 581 19 19
461 601 19 19
461 621 19 19
461 641 19 19
461 661 19 19
461 681 19 19
461 701 19 19
461 721 19 19
461 741 19 19
461 761 19 19
461 781 19 19
461 801 19 19
461 821 19 19
461 841 19 19
461 861 19 19
461 881 19 19
461 901 19 19
461 921 19 19
461 941 19 19
461 961 19 19
461 981 19 19
461 1001 19 19
461 1021 19 19
461 1041 19 19
461 1061 19 19
461 1081 19 19
481 1 19 19
481 21 19 19
481 41 19 19
481 61 19 19
481 81 19 19
481 101 19 19
481 121 19 19
481 141 19 19
481 161 19 19
481 181 19 19
481 201 19 19
481 221 19 19
481 241 19 19
481 261 19 19
481 281 19 19
481 301 19 19
481 321 19 19
481 341 19 19
481 361 19 19
481 381 19 19
481 401 19 19
481 421 19 19
481 441 19 19
481 461 19 19
481 481 19 19
481 501 19 19
481 521 19 19
481 541 19 19
481 561 19 19
481 581 19 19
481 601 19 19
481 621 19 19
481 641 19 19
481 661 19 19
481 681 19 19
481 701 19 19
481 721 19 19
481 741 19 19
481 761 19 19
481 781 19 19
481 801 19 19
481 821 19 19
481 841 19 19
481 861 19 19
481 881 19 19
481 901 19 19
481 921 19 19
481 941 19 19
481 961 19 19
481 981 19 19
481 1001 19 19
481 1021 19 19
481 1041 19 19
481 1061 19 19
481 1081 19 19
501 1 19 19
501 21 19 19
501 41 19 19
501 61 19 19
501 81 19 19
501 101 19 19
501 121 19 19
501 141 19 19
501 161 19 19
501 181 19 19
501 201 19 19
501 221 19 19
501 241 19 19
501 261 19 19
501 281 19 19
501 301 19 19
501 321 19 19
501 341 19 19
501 361 19 19
501 381 19 19
501 401 19 19
501 421 19 19
501 441 19 19
501 461 19 19
501 481 19 19
501 501 19 19
501 521 19 19
501 541 19 19
501 561 19 19
501 581 19 19
501 601 19 19
501 621 19 19
501 641 19 19
501 661 19 19
501 681 19 19
501 701 19 19
501 721 19 19
501 741 19 19
501 761 19 19
501 781 19 19
501 801 19 19
501 821 19 19
501 841 19 19
501 861 19 19
501 881 19 19
501 901 19 19
501 921 19 19
501 941 19 19
501 961 19 19
501 981 19 19
501 1001 19 19
501 1021 19 19
501 1041 19 19
501 1061 19 19
501 1081 19 19
521 1 19 19
521 21 19 19
521 41 19 19
521 61 19 19
521 81 19 19
521 101 19 19
521 121 19 19
521 141 19 19
521 161 19 19
521 181 19 19
521 201 19 19
521 221 19 19
521 241 19 19
521 261 19 19
521 281 19 19
521 301 19 19
521 321 19 19
521 341 19 19
521 361 19 19
521 381 19 19
521 401 19 19
521 421 19 19
521 441 19 19
521 461 19 19
521 481 19 19
521 501 19 19
521 521 19 19
521 541 19 19
521 561 19 19
521 581 19 19
521 601 19 19
521 621 19 19
521 641 19 19
521 661 19 19
521 681 19 19
521 701 19 19
521 721 19 19
521 741 19 19
521 761 19 19
521 781 19 19
521 801 19 19
521 821 19 19
521 841 19 19
521 861 19 19
521 881 19 19
521 901 19 19
521 921 19 19
521 941 19 19
521 961 19 19
521 981 19 19
521 1001 19 19
521 1021 19 19
521 1041 19 19
521 1061 19 19
521 1081 19 19
541 1 19 19
541 21 19 19
541 41 19 19
541 61 19 19
541 81 19 19
541 101 19 19
541 121 19 19
541 141 19 19
541 161 19 19
541 181 19 19
541 201 19 19
541 221 19 19
541 241 19 19
541 261 19 19
541 281 19 19
541 301 19 19
541 321 19 19
541 341 19 19
541 361 19 19
541 381 19 19
541 401 19 19
541 421 19 19
541 441 19 19
541 461 19 19
541 481 19 19
541 501 19 19
541 521 19 19
541 541 19 19
541 561 19 19
541 581 19 19
541 601 19 19
541 621 19 19
541 641 19 19
541 661 19 19
541 681 19 19
541 701 19 19
541 721 19 19
541 741 19 19
541 761 19 19
541 781 19 19
541 801 19 19
541 821 19 19
541 841 19 19
541 861 19 19
541 881 19 19
541 901 19 19
541 921 19 19
541 941 19 19
541 961 19 19
541 981 19 19
541 1001 19 19
541 1021 19 19
541 1041 19 19
541 1061 19 19
541 1081 19 19
561 1 19 19
561 21 19 19
561 41 19 19
561 61 19 19
561 81 19 19
561 101 19 19
561 121 19 19
561 141 19 19
561 161 19 19
561 181 19 19
561 201 19 19
561 221 19 19
561 241 19 19
561 261 19 19
561 281 19 19
561 301 19 19
561 321 19 19
561 341 19 19
561 361 19 19
561 381 19 19
561 401 19 19
561 421 19 19
561 441 19 19
561 461 19 19
561 481 19 19
561 501 19 19
561 521 19 19
561 541 19 19
561 561 19 19
561 581 19 19
561 601 19 19
561 621 19 19
561 641 19 19
561 661 19 19
561 681 19 19
561 701 19 19
561 721 19 19
561 741 19 19
561 761 19 19
561 781 19 19
561 801 19 19
561 821 19 19
561 841 19 19
561 861 19 19
561 881 19 19
561 901 19 19
561 921 19 19
561 941 19 19
561 961 19 19
561 981 19 19
561 1001 19 19
561 1021 19 19
561 1041 19 19
561 1061 19 19
561 1081 19 19
581 1 19 19
581 21 19 19
581 41 19 19
581 61 19 19
581 81 19 19
581 101 19 19
581 121 19 19
581 141 19 19
581 161 19 19
581 181 19 19
581 201 19 19
581 221 19 19
581 241 19 19
581 261 19 19
581 281 19 19
581 301 19 19
581 321 19 19
581 341 19 19
581 361 19 19
581 381 19 19
581 401 19 19
581 421 19 19
581 441 19 19
581 461 19 19
581 481 19 19
581 501 19 19
581 521 19 19
581 541 19 19
581 561 19 19
581 581 19 19
581 601 19 19
581 621 19 19
581 641 19 19
581 661 19 19
581 681 19 19
581 701 19 19
581 721 19 19
581 741 19 19
581 761 19 19
581 781 19 19
581 801 19 19
581 821 19 19
581 841 19 19
581 861 19 19
581 881 19 19
581 901 19 19
581 921 19 19
581 941 19 19
581 961 19 19
581 981 19 19
581 1001 19 19
581 1021 19 19
581 1041 19 19
581 1061 19 19
581 1081 19 19
601 1 19 19
601 21 19 19
601 41 19 19
601 61 19 19
601 81 19 19
601 101 19 19
601 121 19 19
601 141 19 19
601 161 19 19
601 181 19 19
601 201 19 19
601 221 19 19
601 241 19 19
601 261 19 19
601 281 19 19
601 301 19 19
601 321 19 19
601 341 19 19
601 361 19 19
601 381 19 19
601 401 19 19
601 421 19 19
601 441 19 19
601 461 19 19
601 481 19 19
601 501 19 19
601 521 19 19
601 541 19 19
601 561 19 19
601 581 19 19
601 601 19 19
601 621 19 19
601 641 19 19
601 661 19 19
601 681 19 19
601 701 19 19
601 721 19 19
601 741 19 19
601 761 19 19
601 781 19 19
601 801 19 19
601 821 19 19
601 841 19 19
601 861 19 19
601 881 19 19
601 901 19 19
601 921 19 19
601 941 19 19
601 961 19 19
601 981 19 19
601 1001 19 19
601 1021 19 19
601 1041 19 19
601 1061 19 19
601 1081 19 19
621 1 19 19
621 21 19 19
621 41 19 19
621 61 19 19
621 81 19 19
621 101 19 19
621 121 19 19
621 141 19 19
621 161 19 19
621 181 19 19
621 201 19 19
621 221 19 19
621 241 19 19
621 261 19 19
621 281 19 19
621 301 19 19
621 321 19 19
621 341 19 19
621 361 19 19
621 381 19 19
621 401 19 19
621 421 19 19
621 441 19 19
621 461 19 19
621 481 19 19
621 501 19 19
621 521 19 19
621 541 19 19
621 561 19 19
621 581 19 19
621 601 19 19
621 621 19 19
621 641 19 19
621 661 19 19
621 681 19 19
621 701 19 19
621 721 19 19
621 741 19 19
621 761 19 19
621 781 19 19
621 801 19 19
621 821 19 19
621 841 19 19
621 861 19 19
621 881 19 19
621 901 19 19
621 921 19 19
621 941 19 19
621 961 19 19
621 981 19 19
621 1001 19 19
621 1021 19 19
621 1041 19 19
621 1061 19 19
621 1081 19 19
641 1 19 19
641 21 19 19
641 41 19 19
641 61 19 19
641 81 19 19
641 101 19 19
641 121 19 19
641 141 19 19
641 161 19 19
641 181 19 19
641 201 19 19
641 221 19 19
641 241 19 19
641 261 19 19
641 281 19 19
641 301 19 19
641 321 19 19
641 341 19 19
641 361 19 19
641 381 19 19
641 401 19 19
641 421 19 19
641 441 19 19
641 461 19 19
641 481 19 19
641 501 19 19
641 521 19 19
641 541 19 19
641 561 19 19
641 581 19 19
641 601 19 19
641 621 19 19
641 641 19 19
641 661 19 19
641 681 19 19
641 701 19 19
641 721 19 19
641 741 19 19
641 761 19 19
641 781 19 19
641 801 19 19
641 821 19 19
641 841 19 19
641 861 19 19
641 881 19 19
641 901 19 19
641 921 19 19
641 941 19 19
641 961 19 19
641 981 19 19
641 1001 19 19
641 1021 19 19
641 1041 19 19
641 1061 19 19
641 1081 19 19
661 1 19 19
661 21 19 19
661 41 19 19
661 61 19 19
661 81 19 19
661 101 19 19
661 121 19 19
661 141 19 19
661 161 19 19
661 181 19 19
661 201 19 19
661 221 19 19
661 241 19 19
661 261 19 19
661 281 19 19
661 301 19 19
661 321 19 19
661 341 19 19
661 361 19 19
661 381 19 19
661 401 19 19
661 421 19 19
661 441 19 19
661 461 19 19
661 481 19 19
661 501 19 19
661 521 19 19
661 541 19 19
661 561 19 19
661 581 19 19
661 601 19 19
661 621 19 19
661 641 19 19
661 661 19 19
661 681 19 19
661 701 19 19
661 721 19 19
661 741 19 19
661 761 19 19
661 781 19 19
661 801 19 19
661 821 19 19
661 841 19 19
661 861 19 19
661 881 19 19
661 901 19 19
661 921 19 19
661 941 19 19
661 961 19 19
661 981 19 19
661 1001 19 19
661 1021 19 19
661 1041 19 19
661 1061 19 19
661 1081 19 19
681 1 19 19
681 21 19 19
681 41 19 19
681 61 19 19
681 81 19 19
681 101 19 19
681 121 19 19
681 141 19 19
681 161 19 19
681 181 19 19
681 201 19 19
681 221 19 19
681 241 19 19
681 261 19 19
681 281 19 19
681 301 19 19
681 321 19 19
681 341 19 19
681 361 19 19
681 381 19 19
681 401 19 19
681 421 19 19
681 441 19 19
681 461 19 19
681 481 19 19
681 501 19 19
681 521 19 19
681 541 19 19
681 561 19 19
681 581 19 19
681 601 19 19
681 621 19 19
681 641 19 19
681 661 19 19
681 681 19 19
681 701 19 19
681 721 19 19
681 741 19 19
681 761 19 19
681 781 19 19
681 801 19 19
681 821 19 19
681 841 19 19
681 861 19 19
681 881 19 19
681 901 19 19
681 921 19 19
681 941 19 19
681 961 19 19
681 981 19 19
681 1001 19 19
681 1021 19 19
681 1041 19 19
681 1061 19 19
681 1081 19 19
701 1 19 19
701 21 19 19
701 41 19 19
701 61 19 19
701 81 19 19
701 101 19 19
701 121 19 19
701 141 19 19
701 161 19 19
701 181 19 19
701 201 19 19
701 221 19 19
701 241 19 19
701 261 19 19
701 281 19 19
701 301 19 19
701 321 19 19
701 341 19 19
701 361 19 19
701 381 19 19
701 401 19 19
701 421 19 19
701 441 19 19
701 461 19 19
701 481 19 19
701 501 19 19
701 521 19 19
701 541 19 19
701 561 19 19
701 581 19 19
701 601 19 19
701 621 19 19
701 641 19 19
701 661 19 19
701 681 19 19
701 701 19 19
701 721 19 19
701 741 19 19
701 761 19 19
701 781 19 19
701 801 19 19
701 821 19 19
701 841 19 19
701 861 19 19
701 881 19 19
701 901 19 19
701 921 19 19
701 941 19 19
701 961 19 19
701 981 19 19
701 1001 19 19
701 1021 19 19
701 1041 19 19
701 1061 19 19
701 1081 19 19
721 1 19 19
721 21 19 19
721 41 19 19
721 61 19 19
721 81 19 19
721 101 19 19
721 121 19 19
721 141 19 19
721 161 19 19
721 181 19 19
721 201 19 19
721 221 19 19
721 241 19 19
721 261 19 19
721 281 19 19
721 301 19 19
721 321 19 19
721 341 19 19
721 361 19 19
721 381 19 19
721 401 19 19
721 421 19 19
721 441 19 19
721 461 19 19
721 481 19 19
721 501 19 19
721 521 19 19
721 541 19 19
721 561 19 19
721 581 19 19
721 601 19 19
721 621 19 19
721 641 19 19
721 661 19 19
721 681 19 19
721 701 19 19
721 721 19 19
721 741 19 19
721 761 19 19
721 781 19 19
721 801 19 19
721 821 19 19
721 841 19 19
721 861 19 19
721 881 19 19
721 901 19 19
721 921 19 19
721 941 19 19
721 961 19 19
721 981 19 19
721 1001 19 19
721 1021 19 19
721 1041 19 19
721 1061 19 19
721 1081 19 19
741 1 19 19
741 21 19 19
741 41 19 19
741 61 19 19
741 81 19 19
741 101 19 19
741 121 19 19
741 141 19 19
741 161 19 19
741 181 19 19
741 201 19 19
741 221 19 19
741 241 19 19
741 261 19 19
741 281 19 19
741 301 19 19
741 321 19 19
741 341 19 19
741 361 19 19
741 381 19 19
741 401 19 19
741 421 19 19
741 441 19 19
741 461 19 19
741 481 19 19
741 501 19 19
741 521 19 19
741 541 19 19
741 561 19 19
741 581 19 19
741 601 19 19
741 621 19 19
741 641 19 19
741 661 19 19
741 681 19 19
741 701 19 19
741 721 19 19
741 741 19 19
741 761 19 19
741 781 19 19
741 801 19 19
741 821 19 19
741 841 19 19
741 861 19 19
741 881 19 19
741 901 19 19
741 921 19 19
741 941 19 19
741 961 19 19
741 981 19 19
741 1001 19 19
741 1021 19 19
741 1041 19 19
741 1061 19 19
741 1081 19 19
761 1 19 19
761 21 19 19
761 41 19 19
761 61 19 19
761 81 19 19
761 101 19 19
761 121 19 19
761 141 19 19
761 161 19 19
761 181 19 19
761 201 19 19
761 221 19 19
761 241 19 19
761 261 19 19
761 281 19 19
761 301 19 19
761 321 19 19
761 341 19 19
761 361 19 19
761 381 19 19
761 401 19 19
761 421 19 19
761 441 19 19
761 461 19 19
761 481 19 19
761 501 19 19
761 521 19 19
761 541 19 19
761 561 19 19
761 581 19 19
761 601 19 19
761 621 19 19
761 641 19 19
761 661 19 19
761 681 19 19
761 701 19 19
761 721 19 19
761 741 19 19
761 761 19 19
761 781 19 19
761 801 19 19
761 821 19 19
761 841 19 19
761 861 19 19
761 881 19 19
761 901 19 19
761 921 19 19
761 941 19 19
761 961 19 19
761 981 19 19
761 1001 19 19
761 1021 19 19
761 1041 19 19
761 1061 19 19
761 1081 19 19
781 1 19 19
781 21 19 19
781 41 19 19
781 61 19 19
781 81 19 19
781 101 19 19
781 121 19 19
781 141 19 19
781 161 19 19
781 181 19 19
781 201 19 19
781 221 19 19
781 241 19 19
781 261 19 19
781 281 19 19
781 301 19 19
781 321 19 19
781 341 19 19
781 361 19 19
781 381 19 19
781 401 19 19
781 421 19 19
781 441 19 19
781 461 19 19
781 481 19 19
781 501 19 19
781 521 19 19
781 541 19 19
781 561 19 19
781 581 19 19
781 601 19 19
781 621 19 19
781 641 19 19
781 661 19 19
781 681 19 19
781 701 19 19
781 721 19 19
781 741 19 19
781 761 19 19
781 781 19 19
781 801 19 19
781 821 19 19
781 841 19 19
781 861 19 19
781 881 19 19
781 901 19 19
781 921 19 19
781 941 19 19
781 961 19 19
781 981 19 19
781 1001 19 19
781 1021 19 19
781 1041 19 19
781 1061 19 19
781 1081 19 19
801 1 19 19
801 21 19 19
801 41 19 19
801 61 19 19
801 81 19 19
801 101 19 19
801 121 19 19
801 141 19 19
801 161 19 19
801 181 19 19
801 201 19 19
801 221 19 19
801 241 19 19
801 261 19 19
801 281 19 19
801 301 19 19
801 321 19 19
801 341 19 19
801 361 19 19
801 381 19 19
801 401 19 19
801 421 19 19
801 441 19 19
801 461 19 19
801 481 19 19
801 501 19 19
801 521 19 19
801 541 19 19
801 561 19 19
801 581 19 19
801 601 19 19
801 621 19 19
801 641 19 19
801 661 19 19
801 681 19 19
801 701 19 19
801 721 19 19
801 741 19 19
801 761 19 19
801 781 19 19
801 801 19 19
801 821 19 19
801 841 19 19
801 861 19 19
801 881 19 19
801 901 19 19
801 921 19 19
801 941 19 19
801 961 19 19
801 981 19 19
801 1001 19 19
801 1021 19 19
801 1041 19 19
801 1061 19 19
801 1081 19 19
821 1 19 19
821 21 19 19
821 41 19 19
821 61 19 19
821 81 19 19
821 101 19 19
821 121 19 19
821 141 19 19
821 161 19 19
821 181 19 19
821 201 19 19
821 221 19 19
821 241 19 19
821 261 19 19
821 281 19 19
821 301 19 19
821 321 19 19
821 341 19 19
821 361 19 19
821 381 19 19
821 401 19 19
821 421 19 19
821 441 19 19
821 461 19 19
821 481 19 19
821 501 19 19
821 521 19 19
821 541 19 19
821 561 19 19
821 581 19 19
821 601 19 19
821 621 19 19
821 641 19 19
821 661 19 19
821 681 19 19
821 701 19 19
821 721 19 19
821 741 19 19
821 761 19 19
821 781 19 19
821 801 19 19
821 821 19 19
821 841 19 19
821 861 19 19
821 881 19 19
821 901 19 19
821 921 19 19
821 941 19 19
821 961 19 19
821 981 19 19
821 1001 19 19
821 1021 19 19
821 1041 19 19
821 1061 19 19
821 1081 19 19
841 1 19 19
841 21 19 19
841 41 19 19
841 61 19 19
841 81 19 19
841 101 19 19
841 121 19 19
841 141 19 19
841 161 19 19
841 181 19 19
841 201 19 19
841 221 19 19
841 241 19 19
841 261 19 19
841 281 19 19
841 301 19 19
841 321 19 19
841 341 19 19
841 361 19 19
841 381 19 19
841 401 19 19
841 421 19 19
841 441 19 19
841 461 19 19
841 481 19 19
841 501 19 19
841 521 19 19
841 541 19 19
841 561 19 19
841 581 19 19
841 601 19 19
841 621 19 19
841 641 19 19
841 661 19 19
841 681 19 19
841 701 19 19
841 721 19 19
841 741 19 19
841 761 19 19
841 781 19 19
841 801 19 19
841 821 19 19
841 841 19 19
841 861 19 19
841 881 19 19
841 901 19 19
841 921 19 19
841 941 19 19
841 961 19 19
841 981 19 19
841 1001 19 19
841 1021 19 19
841 1041 19 19
841 1061 19 19
841 1081 19 19
861 1 19 19
861 21 19 19
861 41 19 19
861 61 19 19
861 81 19 19
861 101 19 19
861 121 19 19
861 141 19 19
861 161 19 19
861 181 19 19
861 201 19 19
861 221 19 19
861 241 19 19
861 261 19 19
861 281 19 19
861 301 19 19
861 321 19 19
861 341 19 19
861 361 19 19
861 381 19 19
861 401 19 19
861 421 19 19
861 441 19 19
861 461 19 19
861 481 19 19
861 501 19 19
861 521 19 19
861 541 19 19
861 561 19 19
861 581 19 19
861 601 19 19
861 621 19 19
861 641 19 19
861 661 19 19
861 681 19 19
861 701 19 19
861 721 19 19
861 741 19 19
861 761 19 19
861 781 19 19
861 801 19 19
861 821 19 19
861 841 19 19
861 861 19 19
861 881 19 19
861 901 19 19
861 921 19 19
861 941 19 19
861 961 19 19
861 981 19 19
861 1001 19 19
861 1021 19 19
861 1041 19 19
861 1061 19 19
861 1081 19 19
881 1 19 19
881 21 19 19
881 41 19 19
881 61 19 19
881 81 19 19
881 101 19 19
881 121 19 19
881 141 19 19
881 161 19 19
881 181 19 19
881 201 19 19
881 221 19 19
881 241 19 19
881 261 19 19
881 281 19 19
881 301 19 19
881 321 19 19
881 341 19 19
881 361 19 19
881 381 19 19
881 401 19 19
881 421 19 19
881 441 19 19
881 461 19 19
881 481 19 19
881 501 19 19
881 521 19 19
881 541 19 19
881 561 19 19
881 581 19 19
881 601 19 19
881 621 19 19
881 641 19 19
881 661 19 19
881 681 19 19
881 701 19 19
881 721 19 19
881 741 19 19
881 761 19 19
881 781 19 19
881 801 19 19
881 821 19 19
881 841 19 19
881 861 19 19
881 881 19 19
881 901 19 19
881 921 19 19
881 941 19 19
881 961 19 19
881 981 19 19
881 1001 19 19
881 1021 19 19
881 1041 19 19
881 1061 19 19
881 1081 19 19
901 1 19 19
901 21 19 19
901 41 19 19
901 61 19 19
901 81 19 19
901 101 19 19
901 121 19 19
901 141 19 19
901 161 19 19
901 181 19 19
901 201 19 19
901 221 19 19
901 241 19 19
901 261 19 19
901 281 19 19
901 301 19 19
901 321 19 19
901 341 19 19
901 361 19 19
901 381 19 19
901 401 19 19
901 421 19 19
901 441 19 19
901 461 19 19
901 481 19 19
901 501 19 19
901 521 19 19
901 541 19 19
901 561 19 19
901 581 19 19
901 601 19 19
901 621 19 19
901 641 19 19
901 661 19 19
901 681 19 19
901 701 19 19
901 721 19 19
901 741 19 19
901 761 19 19
901 781 19 19
901 801 19 19
901 821 19 19
901 841 19 19
901 861 19 19
901 881 19 19
901 901 19 19
901 921 19 19
901 941 19 19
901 961 19 19
901 981 19 19
901 1001 19 19
901 1021 19 19
901 1041 19 19
901 1061 19 19
901 1081 19 19
921 1 19 19
921 21 19 19
921 41 19 19
921 61 19 19
921 81 19 19
921 101 19 19
921 121 19 19
921 141 19 19
921 161 19 19
921 181 19 19
921 201 19 19
921 221 19 19
921 241 19 19
921 261 19 19
921 281 19 19
921 301 19 19
921 321 19 19
921 341 19 19
921 361 19 19
921 381 19 19
921 401 19 19
921 421 19 19
921 441 19 19
921 461 19 19
921 481 19 19
921 501 19 19
921 521 19 19
921 541 19 19
921 561 19 19
921 581 19 19
921 601 19 19
921 621 19 19
921 641 19 19
921 661 19 19
921 681 19 19
921 701 19 19
921 721 19 19
921 741 19 19
921 761 19 19
921 781 19 19
921 801 19 19
921 821 19 19
921 841 19 19
921 861 19 19
921 881 19 19
921 901 19 19
921 921 19 19
921 941 19 19
921 961 19 19
921 981 19 19
921 1001 19 19
921 1021 19 19
921 1041 19 19
921 1061 19 19
921 1081 19 19
941 1 19 19
941 21 19 19
941 41 19 19
941 61 19 19
941 81 19 19
941 101 19 19
941 121 19 19
941 141 19 19
941 161 19 19
941 181 19 19
941 201 19 19
941 221 19 19
941 241 19 19
941 261 19 19
941 281 19 19
941 301 19 19
941 321 19 19
941 341 19 19
941 361 19 19
941 381 19 19
941 401 19 19
941 421 19 19
941 441 19 19
941 461 19 19
941 481 19 19
941 501 19 19
941 521 19 19
941 541 19 19
941 561 19 19
941 581 19 19
941 601 19 19
941 621 19 19
941 641 19 19
941 661 19 19
941 681 19 19
941 701 19 19
941 721 19 19
941 741 19 19
941 761 19 19
941 781 19 19
941 801 19 19
941 821 19 19
941 841 19 19
941 861 19 19
941 881 19 19
941 901 19 19
941 921 19 19
941 941 19 19
941 961 19 19
941 981 19 19
941 1001 19 19
941 1021 19 19
941 1041 19 19
941 1061 19 19
941 1081 19 19
961 1 19 19
961 21 19 19
961 41 19 19
961 61 19 19
961 81 19 19
961 101 19 19
961 121 19 19
961 141 19 19
961 161 19 19
961 181 19 19
961 201 19 19
961 221 19 19
961 241 19 19
961 261 19 19
961 281 19 19
961 301 19 19
961 321 19 19
961 341 19 19
961 361 19 19
961 381 19 19
961 401 19 19
961 421 19 19
961 441 19 19
961 461 19 19
961 481 19 19
961 501 19 19
961 521 19 19
961 541 19 19
961 561 19 19
961 581 19 19
961 601 19 19
961 621 19 19
961 641 19 19
961 661 19 19
961 681 19 19
961 701 19 19
961 721 19 19
961 741 19 19
961 761 19 19
961 781 19 19
961 801 19 19
961 821 19 19
961 841 19 19
961 861 19 19
961 881 19 19
961 901 19 19
961 921 19 19
961 941 19 19
961 961 19 19
961 981 19 19
961 1001 19 19
961 1021 19 19
961 1041 19 19
961 1061 19 19
961 1081 19 19
981 1 19 19
981 21 19 19
981 41 19 19
981 61 19 19
981 81 19 19
981 101 19 19
981 121 19 19
981 141 19 19
981 161 19 19
981 181 19 19
981 201 19 19
981 221 19 19
981 241 19 19
981 261 19 19
981 281 19 19
981 301 19 19
981 321 19 19
981 341 19 19
981 361 19 19
981 381 19 19
981 401 19 19
981 421 19 19
981 441 19 19
981 461 19 19
981 481 19 19
981 501 19 19
981 521 19 19
981 541 19 19
981 561 19 19
981 581 19 19
981 601 19 19
981 621 19 19
981 641 19 19
981 661 19 19
981 681 19 19
981 701 19 19
981 721 19 19
981 741 19 19
981 761 19 19
981 781 19 19
981 801 19 19
981 821 19 19
981 841 19 19
981 861 19 19
981 881 19 19
981 901 19 19
981 921 19 19
981 941 19 19
981 961 19 19
981 981 19 19
981 1001 19 19
981 1021 19 19
981 1041 19 19
981 1061 19 19
981 1081 19 19
1001 1 19 19
1001 21 19 19
1001 41 19 19
1001 61 19 19
1001 81 19 19
1001 101 19 19
1001 121 19 19
1001 141 19 19
1001 161 19 19
1001 181 19 19
1001 201 19 19
1001 221 19 19
1001 241 19 19
1001 261 19 19
1001 281 19 19
1001 301 19 19
1001 321 19 19
1001 341 19 19
1001 361 19 19
1001 381 19 19
1001 401 19 19
1001 421 19 19
1001 441 19 19
1001 461 19 19
1001 481 19 19
1001 501 19 19
1001 521 19 19
1001 541 19 19
1001 561 19 19
1001 581 19 19
1001 601 19 19
1001 621 19 19
1001 641 19 19
1001 661 19 19
1001 681 19 19
1001 701 19 19
1001 721 19 19
1001 741 19 19
1001 761 19 19
1001 781 19 19
1001 801 19 19
1001 821 19 19
1001 841 19 19
1001 861 19 19
1001 881 19 19
1001 901 19 19
1001 921 19 19
1001 941 19 19
1001 961 19 19
1001 981 19 19
1001 1001 19 19
1001 1021 19 19
1001 1041 19 19
1001 1061 19 19
1001 1081 19 19
1021 1 19 19
1021 21 19 19
1021 41 19 19
1021 61 19 19
1021 81 19 19
1021 101 19 19
1021 121 19 19
1021 141 19 19
1021 161 19 19
1021 181 19 19
1021 201 19 19
1021 221 19 19
1021 241 19 19
1021 261 19 19
1021 281 19 19
1021 301 19 19
1021 321 19 19
1021 341 19 19
1021 361 19 19
1021 381 19 19
1021 401 19 19
1021 421 19 19
1021 441 19 19
1021 461 19 19
1021 481 19 19
1021 501 19 19
1021 521 19 19
1021 541 19 19
1021 561 19 19
1021 581 19 19
1021 601 19 19
1021 621 19 19
1021 641 19 19
1021 661 19 19
1021 681 19 19
1021 701 19 19
1021 721 19 19
1021 741 19 19
1021 761 19 19
1021 781 19 19
1021 801 19 19
1021 821 19 19
1021 841 19 19
1021 861 19 19
1021 881 19 19
1021 901 19 19
1021 921 19 19
1021 941 19 19
1021 961 19 19
1021 981 19 19
1021 1001 19 19
1021 1021 19 19
1021 1041 19 19
1021 1061 19 19
1021 1081 19 19
1041 1 19 19
1041 21 19 19
1041 41 19 19
1041 61 19 19
1041 81 19 19
1041 101 19 19
1041 121 19 19
1041 141 19 19
1041 161 19 19
1041 181 19 19
1041 201 19 19
1041 221 19 19
1041 241 19 19
1041 261 19 19
1041 281 19 19
1041 301 19 19
1041 321 19 19
1041 341 19 19
1041 361 19 19
1041 381 19 19
1041 401 19 19
1041 421 19 19
1041 441 19 19
1041 461 19 19
1041 481 19 19
1041 501 19 19
1041 521 19 19
1041 541 19 19
1041 561 19 19
1041 581 19 19
1041 601 19 19
1041 621 19 19
1041 641 19 19
1041 661 19 19
1041 681 19 19
1041 701 19 19
1041 721 19 19
1041 741 19 19
1041 761 19 19
1041 781 19 19
1041 801 19 19
1041 821 19 19
1041 841 19 19
1041 861 19 19
1041 881 19 19
1041 901 19 19
1041 921 19 19
1041 941 19 19
1041 961 19 19
1041 981 19 19
1041 1001 19 19
1041 1021 19 19
1041 1041 19 19
1041 1061 19 19
1041 1081 19 19
1061 1 19 19
1061 21 19 19
1061 41 19 19
1061 61 19 19
1061 81 19 19
1061 101 19 19
1061 121 19 19
1061 141 19 19
1061 161 19 19
1061 181 19 19
1061 201 19 19
1061 221 19 19
1061 241 19 19
1061 261 19 19
1061 281 19 19
1061 301 19 19
1061 321 19 19
1061 341 19 19
1061 361 19 19
1061 381 19 19
1061 401 19 19
1061 421 19 19
1061 441 19 19
1061 461 19 19
1061 481 19 19
1061 501 19 19
1061 521 19 19
1061 541 19 19
1061 561 19 19
1061 581 19 19
1061 601 19 19
1061 621 19 19
1061 641 19 19
1061 661 19 19
1061 681 19 19
1061 701 19 19
1061 721 19 19
1061 741 19 19
1061 761 19 19
1061 781 19 19
1061 801 19 19
1061 821 19 19
1061 841 19 19
1061 861 19 19
1061 881 19 19
1061 901 19 19
1061 921 19 19
1061 941 19 19
1061 961 19 19
1061 981 19 19
1061 1001 19 19
1061 1021 19 19
1061 1041 19 19
1061 1061 19 19
1061 1081 19 19
1081 1 19 19
1081 21 19 19
1081 41 19 19
1081 61 19 19
1081 81 19 19
1081 101 19 19
1081 121 19 19
1081 141 19 19
1081 161 19 19
1081 181 19 19
1081 201 19 19
1081 221 19 19
1081 241 19 19
1081 261 19 19
1081 281 19 19
1081 301 19 19
1081 321 19 19
1081 341 19 19
1081 361 19 19
1081 381 19 19
1081 401 19 19
1081 421 19 19
1081 441 19 19
1081 461 19 19
1081 481 19 19
1081 501 19 19
1081 521 19 19
1081 541 19 19
1081 561 19 19
1081 581 19 19
1081 601 19 19
1081 621 19 19
1081 641 19 19
1081 661 19 19
1081 681 19 19
1081 701 19 19
1081 721 19 19
1081 741 19 19
1081 761 19 19
1081 781 19 19
1081 801 19 19
1081 821 19 19
1081 841 19 19
1081 861 19 19
1081 881 19 19
1081 901 19 19
1081 921 19 19
1081 941 19 19
1081 961 19 19
1081 981 19 19
1081 1001 19 19
1081 1021 19 19
1081 1041 19 19
1081 1061 19 19
1081 1081 19 19
1101 1 19 19
1101 21 19 19
1101 41 19 19
1101 61 19 19
1101 81 19 19
1101 101 19 19
1101 121 19 19
1101 141 19 19
1101 161 19 19
1101 181 19 19
1101 201 19 19
1101 221 19 19
1101 241 19 19
1101 261 19 19
1101 281 19 19
1101 301 19 19
1101 321 19 19
1101 341 19 19
1101 361 19 19
1101 381 19 19
1101 401 19 19
1101 421 19 19
1101 441 19 19
1101 461 19 19
1101 481 19 19
1101 501 19 19
1101 521 19 19
1101 541 19 19
1101 561 19 19
1101 581 19 19
1101 601 19 19
1101 621 19 19
1101 641 19 19
1101 661 19 19
1101 681 19 19
1101 701 19 19
1101 721 19 19
1101 741 19 19
1101 761 19 19
1101 781 19 19
1101 801 19 19
1101 821 19 19
1101 841 19 19
1101 861 19 19
1101 881 19 19
1101 901 19 19
1101 921 19 19
1101 941 19 19
1101 961 19 19
1101 981 19 19
1101 1001 19 19
1101 1021 19 19
1101 1041 19 19
1101 1061 19 19
1101 1081 19 19
1121 1 19 19
1121 21 19 19
1121 41 19 19
1121 61 19 19
1121 81 19 19
1121 101 19 19
1121 121 19 19
1121 141 19 19
1121 161 19 19
1121 181 19 19
1121 201 19 19
1121 221 19 19
1121 241 19 19
1121 261 19 19
1121 281 19 19
1121 301 19 19
1121 321 19 19
1121 341 19 19
1121 361 19 19
1121 381 19 19
1121 401 19 19
1121 421 19 19
1121 441 19 19
1121 461 19 19
1121 481 19 19
1121 501 19 19
1121 521 19 19
1121 541 19 19
1121 561 19 19
1121 581 19 19
1121 601 19 19
1121 621 19 19
1121 641 19 19
1121 661 19 19
1121 681 19 19
1121 701 19 19
1121 721 19 19
1121 741 19 19
1121 761 19 19
1121 781 19 19
1121 801 19 19
1121 821 19 19
1121 841 19 19
1121 861 19 19
1121 881 19 19
1121 901 19 19
1121 921 19 19
1121 941 19 19
1121 961 19 19
1121 981 19 19
1121 1001 19 19
1121 1021 19 19
1121 1041 19 19
1121 1061 19 19
1121 1081 19 19
1141 1 19 19
1141 21 19 19
1141 41 19 19
1141 61 19 19
1141 81 19 19
1141 101 19 19
1141 121 19 19
1141 141 19 19
1141 161 19 19
1141 181 19 19
1141 201 19 19
1141 221 19 19
1141 241 19 19
1141 261 19 19
1141 281 19 19
1141 301 19 19
1141 321 19 19
1141 341 19 19
1141 361 19 19
1141 381 19 19
1141 401 19 19
1141 421 19 19
1141 441 19 19
1141 461 19 19
1141 481 19 19
1141 501 19 19
1141 521 19 19
1141 541 19 19
1141 561 19 19
1141 581 19 19
1141 601 19 19
1141 621 19 19
1141 641 19 19
1141 661 19 19
1141 681 19 19
1141 701 19 19
1141 721 19 19
1141 741 19 19
1141 761 19 19
1141 781 19 19
1141 801 19 19
1141 821 19 19
1141 841 19 19
1141 861 19 19
1141 881 19 19
1141 901 19 19
1141 921 19 19
1141 941 19 19
1141 961 19 19
1141 981 19 19
1141 1001 19 19
1141 1021 19 19
1141 1041 19 19
1141 1061 19 19
1141 1081 19 19
1161 1 19 19
1161 21 19 19
1161 41 19 19
1161 61 19 19
1161 81 19 19
1161 101 19 19
1161 121 19 19
1161 141 19 19
1161 161 19 19
1161 181 19 19
1161 201 19 19
1161 221 19 19
1161 241 19 19
1161 261 19 19
1161 281 19 19
1161 301 19 19
1161 321 19 19
1161 341 19 19
1161 361 19 19
1161 381 19 19
1161 401 19 19
1161 421 19 19
1161 441 19 19
1161 461 19 19
1161 481 19 19
1161 501 19 19
1161 521 19 19
1161 541 19 19
1161 561 19 19
1161 581 19 19
1161 601 19 19
1161 621 19 19
1161 641 19 19
1161 661 19 19
1161 681 19 19
1161 701 19 19
1161 721 19 19
1161 741 19 19
1161 761 19 19
1161 781 19 19
1161 801 19 19
1161 821 19 19
1161 841 19 19
1161 861 19 19
1161 881 19 19
1161 901 19 19
1161 921 19 19
1161 941 19 19
1161 961 19 19
1161 981 19 19
1161 1001 19 19
1161 1021 19 19
1161 1041 19 19
1161 1061 19 19
1161 1081 19 19
1181 1 19 19
1181 21 19 19
1181 41 19 19
1181 61 19 19
1181 81 19 19
1181 101 19 19
1181 121 19 19
1181 141 19 19
1181 161 19 19
1181 181 19 19
1181 201 19 19
1181 221 19 19
1181 241 19 19
1181 261 19 19
1181 281 19 19
1181 301 19 19
1181 321 19 19
1181 341 19 19
1181 361 19 19
1181 381 19 19
1181 401 19 19
1181 421 19 19
1181 441 19 19
1181 461 19 19
1181 481 19 19
1181 501 19 19
1181 521 19 19
1181 541 19 19
1181 561 19 19
1181 581 19 19
1181 601 19 19
1181 621 19 19
1181 641 19 19
1181 661 19 19
1181 681 19 19
1181 701 19 19
1181 721 19 19
1181 741 19 19
1181 761 19 19
1181 781 19 19
1181 801 19 19
1181 821 19 19
1181 841 19 19
1181 861 19 19
1181 881 19 19
1181 901 19 19
1181 921 19 19
1181 941 19 19
1181 961 19 19
1181 981 19 19
1181 1001 19 19
1181 1021 19 19
1181 1041 19 19
1181 1061 19 19
1181 1081 19 19
1201 1 19 19
1201 21 19 19
1201 41 19 19
1201 61 19 19
1201 81 19 19
1201 101 19 19
1201 121 19 19
1201 141 19 19
1201 161 19 19
1201 181 19 19
1201 201 19 19
1201 221 19 19
1201 241 19 19
1201 261 19 19
1201 281 19 19
1201 301 19 19
1201 321 19 19
1201 341 19 19
1201 361 19 19
1201 381 19 19
1201 401 19 19
1201 421 19 19
1201 441 19 19
1201 461 19 19
1201 481 19 19
1201 501 19 19
1201 521 19 19
1201 541 19 19
1201 561 19 19
1201 581 19 19
1201 601 19 19
1201 621 19 19
1201 641 19 19
1201 661 19 19
1201 681 19 19
1201 701 19 19
1201 721 19 19
1201 741 19 19
1201 761 19 19
1201 781 19 19
1201 801 19 19
1201 821 19 19
1201 841 19 19
1201 861 19 19
1201 881 19 19
1201 901 19 19
1201 921 19 19
1201 941 19 19
1201 961 19 19
1201 981 19 19
1201 1001 19 19
1201 1021 19 19
1201 1041 19 19
1201 1061 19 19
1201 1081 19 19
1221 1 19 19
1221 21 19 19
1221 41 19 19
1221 61 19 19
1221 81 19 19
1221 101 19 19
1221 121 19 19
1221 141 19 19
1221 161 19 19
1221 181 19 19
1221 201 19 19
1221 221 19 19
1221 241 19 19
1221 261 19 19
1221 281 19 19
1221 301 19 19
1221 321 19 19
1221 341 19 19
1221 361 19 19
1221 381 19 19
1221 401 19 19
1221 421 19 19
1221 441 19 19
1221 461 19 19
1221 481 19 19
1221 501 19 19
1221 521 19 19
1221 541 19 19
1221 561 19 19
1221 581 19 19
1221 601 19 19
1221 621 19 19
1221 641 19 19
1221 661 19 19
1221 681 19 19
1221 701 19 19
1221 721 19 19
1221 741 19 19
1221 761 19 19
1221 781 19 19
1221 801 19 19
1221 821 19 19
1221 841 19 19
1221 861 19 19
1221 881 19 19
1221 901 19 19
1221 921 19 19
1221 941 19 19
1221 961 19 19
1221 981 19 19
1221 1001 19 19
1221 1021 19 19
1221 1041 19 19
1221 1061 19 19
1221 1081 19 19
1241 1 19 19
1241 21 19 19
1241 41 19 19
1241 61 19 19
1241 81 19 19
1241 101 19 19
1241 121 19 19
1241 141 19 19
1241 161 19 19
1241 181 19 19
1241 201 19 19
1241 221 19 19
1241 241 19 19
1241 261 19 19
1241 281 19 19
1241 301 19 19
1241 321 19 19
1241 341 19 19
1241 361 19 19
1241 381 19 19
1241 401 19 19
1241 421 19 19
1241 441 19 19
1241 461 19 19
1241 481 19 19
1241 501 19 19
1241 521 19 19
1241 541 19 19
1241 561 19 19
1241 581 19 19
1241 601 19 19
1241 621 19 19
1241 641 19 19
1241 661 19 19
1241 681 19 19
1241 701 19 19
1241 721 19 19
1241 741 19 19
1241 761 19 19
1241 781 19 19
1241 801 19 19
1241 821 19 19
1241 841 19 19
1241 861 19 19
1241 881 19 19
1241 901 19 19
1241 921 19 19
1241 941 19 19
1241 961 19 19
1241 981 19 19
1241 1001 19 19
1241 1021 19 19
1241 1041 19 19
1241 1061 19 19
1241 1081 19 19
1261 1 19 19
1261 21 19 19
1261 41 19 19
1261 61 19 19
1261 81 19 19
1261 101 19 19
1261 121 19 19
1261 141 19 19
1261 161 19 19
1261 181 19 19
1261 201 19 19
1261 221 19 19
1261 241 19 19
1261 261 19 19
1261 281 19 19
1261 301 19 19
1261 321 19 19
1261 341 19 19
1261 361 19 19
1261 381 19 19
1261 401 19 19
1261 421 19 19
1261 441 19 19
1261 461 19 19
1261 481 19 19
1261 501 19 19
1261 521 19 19
1261 541 19 19
1261 561 19 19
1261 581 19 19
1261 601 19 19
1261 621 19 19
1261 641 19 19
1261 661 19 19
1261 681 19 19
1261 701 19 19
1261 721 19 19
1261 741 19 19
1261 761 19 19
1261 781 19 19
1261 801 19 19
1261 821 19 19
1261 841 19 19
1261 861 19 19
1261 881 19 19
1261 901 19 19
1261 921 19 19
1261 941 19 19
1261 961 19 19
1261 981 19 19
1261 1001 19 19
1261 1021 19 19
1261 1041 19 19
1261 1061 19 19
1261 1081 19 19
1281 1 19 19
1281 21 19 19
1281 41 19 19
1281 61 19 19
1281 81 19 19
1281 101 19 19
1281 121 19 19
1281 141 19 19
1281 161 19 19
1281 181 19 19
1281 201 19 19
1281 221 19 19
1281 241 19 19
1281 261 19 19
1281 281 19 19
1281 301 19 19
1281 321 19 19
1281 341 19 19
1281 361 19 19
1281 381 19 19
1281 401 19 19
1281 421 19 19
1281 441 19 19
1281 461 19 19
1281 481 19 19
1281 501 19 19
1281 521 19 19
1281 541 19 19
1281 561 19 19
1281 581 19 19
1281 601 19 19
1281 621 19 19
1281 641 19 19
1281 661 19 19
1281 681 19 19
1281 701 19 19
1281 721 19 19
1281 741 19 19
1281 761 19 19
1281 781 19 19
1281 801 19 19
1281 821 19 19
1281 841 19 19
1281 861 19 19
1281 881 19 19
1281 901 19 19
1281 921 19 19
1281 941 19 19
1281 961 19 19
1281 981 19 19
1281 1001 19 19
1281 1021 19 19
1281 1041 19 19
1281 1061 19 19
1281 1081 19 19
1301 1 19 19
1301 21 19 19
1301 41 19 19
1301 61 19 19
1301 81 19 19
1301 101 19 19
1301 121 19 19
1301 141 19 19
1301 161 19 19
1301 181 19 19
1301 201 19 19
1301 221 19 19
1301 241 19 19
1301 261 19 19
1301 281 19 19
1301 301 19 19
1301 321 19 19
1301 341 19 19
1301 361 19 19
1301 381 19 19
1301 401 19 19
1301 421 19 19
1301 441 19 19
1301 461 19 19
1301 481 19 19
1301 501 19 19
1301 521 19 19
1301 541 19 19
1301 561 19 19
1301 581 19 19
1301 601 19 19
1301 621 19 19
1301 641 19 19
1301 661 19 19
1301 681 19 19
1301 701 19 19
1301 721 19 19
1301 741 19 19
1301 761 19 19
1301 781 19 19
1301 801 19 19
1301 821 19 19
1301 841 19 19
1301 861 19 19
1301 881 19 19
1301 901 19 19
1301 921 19 19
1301 941 19 19
1301 961 19 19
1301 981 19 19
1301 1001 19 19
1301 1021 19 19
1301 1041 19 19
1301 1061 19 19
1301 1081 19 19
1321 1 19 19
1321 21 19 19
1321 41 19 19
1321 61 19 19
1321 81 19 19
1321 101 19 19
1321 121 19 19
1321 141 19 19
1321 161 19 19
1321 181 19 19
1321 201 19 19
1321 221 19 19
1321 241 19 19
1321 261 19 19
1321 281 19 19
1321 301 19 19
1321 321 19 19
1321 341 19 19
1321 361 19 19
1321 381 19 19
1321 401 19 19
1321 421 19 19
1321 441 19 19
1321 461 19 19
1321 481 19 19
1321 501 19 19
1321 521 19 19
1321 541 19 19
1321 561 19 19
1321 581 19 19
1321 601 19 19
1321 621 19 19
1321 641 19 19
1321 661 19 19
1321 681 19 19
1321 701 19 19
1321 721 19 19
1321 741 19 19
1321 761 19 19
1321 781 19 19
1321 801 19 19
1321 821 19 19
1321 841 19 19
1321 861 19 19
1321 881 19 19
1321 901 19 19
1321 921 19 19
1321 941 19 19
1321 961 19 19
1321 981 19 19
1321 1001 19 19
1321 1021 19 19
1321 1041 19 19
1321 1061 19 19
1321 1081 19 19
1341 1 19 19
1341 21 19 19
1341 41 19 19
1341 61 19 19
1341 81 19 19
1341 101 19 19
1341 121 19 19
1341 141 19 19
1341 161 19 19
1341 181 19 19
1341 201 19 19
1341 221 19 19
1341 241 19 19
1341 261 19 19
1341 281 19 19
1341 301 19 19
1341 321 19 19
1341 341 19 19
1341 361 19 19
1341 381 19 19
1341 401 19 19
1341 421 19 19
1341 441 19 19
1341 461 19 19
1341 481 19 19
1341 501 19 19
1341 521 19 19
1341 541 19 19
1341 561 19 19
1341 581 19 19
1341 601 19 19
1341 621 19 19
1341 641 19 19
1341 661 19 19
1341 681 19 19
1341 701 19 19
1341 721 19 19
1341 741 19 19
1341 761 19 19
1341 781 19 19
1341 801 19 19
1341 821 19 19
1341 841 19 19
1341 861 19 19
1341 881 19 19
1341 901 19 19
1341 921 19 19
1341 941 19 19
1341 961 19 19
1341 981 19 19
1341 1001 19 19
1341 1021 19 19
1341 1041 19 19
1341 1061 19 19
1341 1081 19 19
1361 1 19 19
1361 21 19 19
1361 41 19 19
1361 61 19 19
1361 81 19 19
1361 101 19 19
1361 121 19 19
1361 141 19 19
1361 161 19 19
1361 181 19 19
1361 201 19 19
1361 221 19 19
1361 241 19 19
1361 261 19 19
1361 281 19 19
1361 301 19 19
1361 321 19 19
1361 341 19 19
1361 361 19 19
1361 381 19 19
1361 401 19 19
1361 421 19 19
1361 441 19 19
1361 461 19 19
1361 481 19 19
1361 501 19 19
1361 521 19 19
1361 541 19 19
1361 561 19 19
1361 581 19 19
1361 601 19 19
1361 621 19 19
1361 641 19 19
1361 661 19 19
1361 681 19 19
1361 701 19 19
1361 721 19 19
1361 741 19 19
1361 761 19 19
1361 781 19 19
1361 801 19 19
1361 821 19 19
1361 841 19 19
1361 861 19 19
1361 881 19 19
1361 901 19 19
1361 921 19 19
1361 941 19 19
1361 961 19 19
1361 981 19 19
1361 1001 19 19
1361 1021 19 19
1361 1041 19 19
1361 1061 19 19
1361 1081 19 19
1381 1 19 19
1381 21 19 19
1381 41 19 19
1381 61 19 19
1381 81 19 19
1381 101 19 19
1381 121 19 19
1381 141 19 19
1381 161 19 19
1381 181 19 19
1381 201 19 19
1381 221 19 19
1381 241 19 19
1381 261 19 19
1381 281 19 19
1381 301 19 19
1381 321 19 19
1381 341 19 19
1381 361 19 19
1381 381 19 19
1381 401 19 19
1381 421 19 19
1381 441 19 19
1381 461 19 19
1381 481 19 19
1381 501 19 19
1381 521 19 19
1381 541 19 19
1381 561 19 19
1381 581 19 19
1381 601 19 19
1381 621 19 19
1381 641 19 19
1381 661 19 19
1381 681 19 19
1381 701 19 19
1381 721 19 19
1381 741 19 19
1381 761 19 19
1381 781 19 19
1381 801 19 19
1381 821 19 19
1381 841 19 19
1381 861 19 19
1381 881 19 19
1381 901 19 19
1381 921 19 19
1381 941 19 19
1381 961 19 19
1381 981 19 19
1381 1001 19 19
1381 1021 19 19
1381 1041 19 19
1381 1061 19 19
1381 1081 19 19
1401 1 19 19
1401 21 19 19
1401 41 19 19
1401 61 19 19
1401 81 19 19
1401 101 19 19
1401 121 19 19
1401 141 19 19
1401 161 19 19
1401 181 19 19
1401 201 19 19
1401 221 19 19
1401 241 19 19
1401 261 19 19
1401 281 19 19
1401 301 19 19
1401 321 19 19
1401 341 19 19
1401 361 19 19
1401 381 19 19
1401 401 19 19
1401 421 19 19
1401 441 19 19
1401 461 19 19
1401 481 19 19
1401 501 19 19
1401 521 19 19
1401 541 19 19
1401 561 19 19
1401 581 19 19
1401 601 19 19
1401 621 19 19
1401 641 19 19
1401 661 19 19
1401 681 19 19
1401 701 19 19
1401 721 19 19
1401 741 19 19
1401 761 19 19
1401 781 19 19
1401 801 19 19
1401 821 19 19
1401 841 19 19
1401 861 19 19
1401 881 19 19
1401 901 19 19
1401 921 19 19
1401 941 19 19
1401 961 19 19
1401 981 19 19
1401 1001 19 19
1401 1021 19 19
1401 1041 19 19
1401 1061 19 19
1401 1081 19 19
1421 1 19 19
1421 21 19 19
1421 41 19 19
1421 61 19 19
1421 81 19 19
1421 101 19 19
1421 121 19 19
1421 141 19 19
1421 161 19 19
1421 181 19 19
1421 201 19 19
1421 221 19 19
1421 241 19 19
1421 261 19 19
1421 281 19 19
1421 301 19 19
1421 321 19 19
1421 341 19 19
1421 361 19 19
1421 381 19 19
1421 401 19 19
1421 421 19 19
1421 441 19 19
1421 461 19 19
1421 481 19 19
1421 501 19 19
1421 521 19 19
1421 541 19 19
1421 561 19 19
1421 581 19 19
1421 601 19 19
1421 621 19 19
1421 641 19 19
1421 661 19 19
1421 681 19 19
1421 701 19 19
1421 721 19 19
1421 741 19 19
1421 761 19 19
1421 781 19 19
1421 801 19 19
1421 821 19 19
1421 841 19 19
1421 861 19 19
1421 881 19 19
1421 901 19 19
1421 921 19 19
1421 941 19 19
1421 961 19 19
1421 981 19 19
1421 1001 19 19
1421 1021 19 19
1421 1041 19 19
1421 1061 19 19
1421 1081 19 19
1441 1 19 19
1441 21 19 19
1441 41 19 19
1441 61 19 19
1441 81 19 19
1441 101 19 19
1441 121 19 19
1441 141 19 19
1441 161 19 19
1441 181 19 19
1441 201 19 19
1441 221 19 19
1441 241 19 19
1441 261 19 19
1441 281 19 19
1441 301 19 19
1441 321 19 19
1441 341 19 19
1441 361 19 19
1441 381 19 19
1441 401 19 19
1441 421 19 19
1441 441 19 19
1441 461 19 19
1441 481 19 19
1441 501 19 19
1441 521 19 19
1441 541 19 19
1441 561 19 19
1441 581 19 19
1441 601 19 19
1441 621 19 19
1441 641 19 19
1441 661 19 19
1441 681 19 19
1441 701 19 19
1441 721 19 19
1441 741 19 19
1441 761 19 19
1441 781 19 19
1441 801 19 19
1441 821 19 19
1441 841 19 19
1441 861 19 19
1441 881 19 19
1441 901 19 19
1441 921 19 19
1441 941 19 19
1441 961 19 19
1441 981 19 19
1441 1001 19 19
1441 1021 19 19
1441 1041 19 19
1441 1061 19 19
1441 1081 19 19
1 1 99 99
1 101 99 99
1 201 99 99
1 301 99 99
1 401 99 99
1 501 99 99
1 601 99 99
1 701 99 99
1 801 99 99
1 901 99 99
1 1001 99 99
101 1 99 99
101 101 99 99
101 201 99 99
101 301 99 99
101 401 99 99
101 501 99 99
101 601 99 99
101 701 99 99
101 801 99 99
101 901 99 99
101 1001 99 99
201 1 99 99
201 101 99 99
201 201 99 99
201 301 99 99
201 401 99 99
201 501 99 99
201 601 99 99
201 701 99 99
201 801 99 99
201 901 99 99
201 1001 99 99
301 1 99 99
301 101 99 99
301 201 99 99
301 301 99 99
301 401 99 99
301 501 99 99
301 601 99 99
301 701 99 99
301 801 99 99
301 901 99 99
301 1001 99 99
401 1 99 99
401 101 99 99
401 201 99 99
401 301 99 99
401 401 99 99
401 501 99 99
401 601 99 99
401 701 99 99
401 801 99 99
401 901 99 99
401 1001 99 99
501 1 99 99
501 101 99 99
501 201 99 99
501 301 99 99
501 401 99 99
501 501 99 99
501 601 99 99
501 701 99 99
501 801 99 99
501 901 99 99
501 1001 99 99
601 1 99 99
601 101 99 99
601 201 99 99
601 301 99 99
601 401 99 99
601 501 99 99
601 601 99 99
601 701 99 99
601 801 99 99
601 901 99 99
601 1001 99 99
701 1 99 99
701 101 99 99
701 201 99 99
701 301 99 99
701 401 99 99
701 501 99 99
701 601 99 99
701 701 99 99
701 801 99 99
701 901 99 99
701 1001 99 99
801 1 99 99
801 101 99 99
801 201 99 99
801 301 99 99
801 401 99 99
801 501 99 99
801 601 99 99
801 701 99 99
801 801 99 99
801 901 99 99
801 1001 99 99
901 1 99 99
901 101 99 99
901 201 99 99
901 301 99 99
901 401 99 99
901 501 99 99
901 601 99 99
901 701 99 99
901 801 99 99
901 901 99 99
901 1001 99 99
1001 1 99 99
1001 101 99 99
1001 201 99 99
1001 301 99 99
1001 401 99 99
1001 501 99 99
1001 601 99 99
1001 701 99 99
1001 801 99 99
1001 901 99 99
1001 1001 99 99
1101 1 99 99
1101 101 99 99
1101 201 99 99
1101 301 99 99
1101 401 99 99
1101 501 99 99
1101 601 99 99
1101 701 99 99
1101 801 99 99
1101 901 99 99
1101 1001 99 99
1201 1 99 99
1201 101 99 99
1201 201 99 99
1201 301 99 99
1201 401 99 99
1201 501 99 99
1201 601 99 99
1201 701 99 99
1201 801 99 99
1201 901 99 99
1201 1001 99 99
1301 1 99 99
1301 101 99 99
1301 201 99 99
1301 301 99 99
1301 401 99 99
1301 501 99 99
1301 601 99 99
1301 701 99 99
1301 801 99 99
1301 901 99 99
1301 1001 99 99
