for_own9.jpg 154
1 1 99 99
1 101 99 99
1 201 99 99
1 301 99 99
1 401 99 99
1 501 99 99
1 601 99 99
1 701 99 99
1 801 99 99
1 901 99 99
1 1001 99 99
101 1 99 99
101 101 99 99
101 201 99 99
101 301 99 99
101 401 99 99
101 501 99 99
101 601 99 99
101 701 99 99
101 801 99 99
101 901 99 99
101 1001 99 99
201 1 99 99
201 101 99 99
201 201 99 99
201 301 99 99
201 401 99 99
201 501 99 99
201 601 99 99
201 701 99 99
201 801 99 99
201 901 99 99
201 1001 99 99
301 1 99 99
301 101 99 99
301 201 99 99
301 301 99 99
301 401 99 99
301 501 99 99
301 601 99 99
301 701 99 99
301 801 99 99
301 901 99 99
301 1001 99 99
401 1 99 99
401 101 99 99
401 201 99 99
401 301 99 99
401 401 99 99
401 501 99 99
401 601 99 99
401 701 99 99
401 801 99 99
401 901 99 99
401 1001 99 99
501 1 99 99
501 101 99 99
501 201 99 99
501 301 99 99
501 401 99 99
501 501 99 99
501 601 99 99
501 701 99 99
501 801 99 99
501 901 99 99
501 1001 99 99
601 1 99 99
601 101 99 99
601 201 99 99
601 301 99 99
601 401 99 99
601 501 99 99
601 601 99 99
601 701 99 99
601 801 99 99
601 901 99 99
601 1001 99 99
701 1 99 99
701 101 99 99
701 201 99 99
701 301 99 99
701 401 99 99
701 501 99 99
701 601 99 99
701 701 99 99
701 801 99 99
701 901 99 99
701 1001 99 99
801 1 99 99
801 101 99 99
801 201 99 99
801 301 99 99
801 401 99 99
801 501 99 99
801 601 99 99
801 701 99 99
801 801 99 99
801 901 99 99
801 1001 99 99
901 1 99 99
901 101 99 99
901 201 99 99
901 301 99 99
901 401 99 99
901 501 99 99
901 601 99 99
901 701 99 99
901 801 99 99
901 901 99 99
901 1001 99 99
1001 1 99 99
1001 101 99 99
1001 201 99 99
1001 301 99 99
1001 401 99 99
1001 501 99 99
1001 601 99 99
1001 701 99 99
1001 801 99 99
1001 901 99 99
1001 1001 99 99
1101 1 99 99
1101 101 99 99
1101 201 99 99
1101 301 99 99
1101 401 99 99
1101 501 99 99
1101 601 99 99
1101 701 99 99
1101 801 99 99
1101 901 99 99
1101 1001 99 99
1201 1 99 99
1201 101 99 99
1201 201 99 99
1201 301 99 99
1201 401 99 99
1201 501 99 99
1201 601 99 99
1201 701 99 99
1201 801 99 99
1201 901 99 99
1201 1001 99 99
1301 1 99 99
1301 101 99 99
1301 201 99 99
1301 301 99 99
1301 401 99 99
1301 501 99 99
1301 601 99 99
1301 701 99 99
1301 801 99 99
1301 901 99 99
1301 1001 99 99