physics.jpg 29
29 119 21 21
48 144 22 22
87 123 23 23
117 145 23 23
152 117 24 24
181 142 25 25
223 121 26 26
254 145 26 26
302 117 22 22
339 141 26 26
355 120 21 21
396 140 26 26
417 126 19 19
451 144 22 22
483 127 21 21
524 145 22 22
549 129 25 25
571 154 25 25
99 64 22 22
147 75 24 24
181 91 20 20
232 82 26 26
291 90 24 24
340 79 25 25
394 85 19 19
444 82 21 21
487 79 20 20
523 57 26 26
555 79 21 21
these_people.jpg 7
126 50 44 44
306 55 45 45
456 33 45 45
162 229 47 47
297 176 45 45
301 282 44 44
417 220 47 47
own.jpg 10
702 424 64 46
690 382 144 144
720 436 46 46
550 168 66 66
644 732 74 74
1238 412 114 114
122 150 248 248
1006 680 124 124
1378 1030 77 77
316 204 702 702